                                 21,125, 41, 21,117,108, 50,  4, 52,105, 59, 79, 56,103,108, 49, 44,  3, 15, 11, 41,107, 78,
 50, 41, 18,234,195,136, 56,253, 90, 16,247,124,111, 45, 44,  2,131, 46,210, 55, 12,  1, 94, 84, 26, 96, 55,105, 29,226,107,
  0, 79,228,102,101, 83,180,186, 86, 46,238,103, 49, 32, 48,  4,189, 71, 54,196, 87, 92, 55,255, 27, 96, 55,105,226,173,132,
 71,176,219,230,218, 83,  4,122, 86, 46,110, 88, 49, 32, 48,  4, 52,105, 12,119, 12,136,112, 58,169, 96, 55,105, 29, 82, 43,
135,240, 36, 89,101, 83,  4,122, 86, 46,110, 88, 49, 32, 48,  4, 52,105, 13,119,188, 65, 89,  0,218, 95, 53,105,173, 18, 43,
  7,207, 27, 89,101, 83,  4,243,120, 20,221,  3,108, 73,207,  5, 52,105, 12,115, 12,177,158,255,229,223,136,105, 29, 82, 43,
  7, 79, 36, 89,101, 83,  4,122, 86, 46,110, 88,187, 14, 10,183, 52,105, 12,119, 12,  1,222,191, 26, 96, 55,105, 29, 82, 43,
  7, 79, 36, 89,101, 83,  4,122, 86, 46,110,232,113,217,207,187,139,105, 12,199,204,  1, 94,128, 37, 96, 55,105, 29,219,  5,
 61,252,127,  4, 12,172,  5,122, 86, 46,145,167,158, 96, 49,  4,244, 86, 12,119, 12,  1, 94,  0, 26, 96, 55,105, 29, 82, 43,
  7, 79, 36,211, 75,105,183,122, 86, 46,110, 88, 49,160,143,  4, 52,105, 12,119, 12,  1, 94,  0, 26, 96, 55,105, 29, 82, 43,
  7, 79,132, 25,109, 83,196, 69, 84, 46,206,152,174,185, 41, 48, 52,105,140, 72,195,205,146,179, 65, 61, 94,150, 31, 82, 43,
  7, 79, 36,249,165, 83,  4,218, 22, 46,110, 88, 49, 32, 48,  4, 52,105, 12,119, 12,  1, 94,  0, 26, 96, 55,233,162, 86, 43,
151,124, 36, 89,101, 83,  4,122, 86, 46,110, 88, 49, 32, 48,  4, 52,105, 12,119, 12,  1, 94,  0,186, 32, 60,105,221,109,214,
248,112,100,195,130,106, 49,122, 86,174, 81, 97, 61,227,130, 95,105,  0,243,117, 12,  1, 94,  0, 26,192,247,105, 29, 18,235,
  7, 79, 36, 89,101, 83,  4,122, 86, 46,110, 88, 49, 32, 48,  4, 52,105,140,200,174,171,  8, 53, 26, 96, 55,105, 29, 82, 43,
  7, 79, 36, 89,101, 83,  4,122, 86, 46,110, 88, 49, 32, 48, 68,116,110, 12,183, 51,  3, 94,160,218,202,157,195,174, 82, 43,
135,112,175, 56,253,231, 95, 39, 63,209,108, 88, 49, 32, 48,  4,116,169, 12,119,172, 65, 94,  0, 26, 96, 55,105, 29, 82, 43,
  7, 79, 36, 89,101, 83,  4,122, 86,174,209,102,201,128,131,  4, 52,105, 12,119, 12,  1, 94,  0, 26, 96, 55,105, 29, 82, 43,
  7, 79, 36, 89,101, 83,164, 58, 90, 46,174,103,207,223,175, 68,189,150,243, 68, 12,  1,222, 63,251,159,184, 92, 70, 15, 66,
248, 77, 36, 89,101, 83,  4,218,150, 46,110,248,241, 32, 48,  4, 52,105, 12,119, 12,  1, 94,  0, 26, 96, 55,105, 29, 82, 43,
135,240,211,166,116,102,  4,122, 86, 46,110, 88, 49, 32, 48,  4, 52,105, 12,119, 12,  1, 94,  0, 26, 96, 55,105,173,146, 43,
  7,143, 27, 91,101,227,196,127, 86, 14, 90, 88, 49,160, 15,  6, 52, 73,184, 44, 81,104,161,  2, 26, 96, 55,105, 29,226,107,
  7, 79,148, 25,101, 83,  4,122, 86, 46,110, 88, 49, 32, 48,  4, 52,105, 12,119, 12,  1,222,191,218,136,149, 88, 29, 82, 43,
  7, 79, 36, 89,101, 83,  4,122, 86, 46,110, 88, 49, 32, 48,  4, 52,105, 12,215,204,  0, 94,192, 37, 98, 55,201,221, 97, 24,
 52,251, 36, 89,229,108,158,227,207,157, 53,  5, 88,223, 50,  4, 52,105, 12,119,172, 65, 94,  0,186, 32, 55,105, 29, 82, 43,
  7, 79, 36, 89,101, 83,  4,122, 86, 46,110, 88, 49,160,143,  4, 52,241,184,119, 12,  1, 94,  0, 26, 96, 55,105, 29, 82, 43,
  7, 79, 36, 89,101, 83,  4,122, 87, 46,222, 24,198,223,143,187, 54,105,188, 55, 12,  1,222, 63, 26, 96, 55,105,151,124, 17,
180, 20,121, 48,154, 82,  4,122, 86, 42,110,232,241,223,207,187, 11,105, 12,119, 12,  1, 94,  0, 26, 96, 55,105, 29, 82, 43,
  7, 79,174,119, 95,224,  4,122, 86, 46,110, 88,177,159, 48,  4, 52,105, 12,119, 12,  1, 94,  0, 26, 96, 55,105, 29, 82, 42,
  7,255,228,161,154,236,187,122, 86,158,174,214, 31,154,  2,169,158,195,191,119, 12,129,225, 91, 71,  9,200,111, 29, 82, 43,
  6, 79,148, 25,101, 83,196, 69, 86, 46,110, 88, 49, 32, 48,  4, 52,105, 12,119, 12,  1, 94,  0, 26, 96,183,214, 29, 82, 43,
  7,223, 10,227,215, 83,  4,122, 86, 46,110, 88, 49, 32, 48,  4, 52,105, 12,119, 12,  1, 94, 64,218, 97, 55,169, 34,172,212,
152, 15, 98,150,150,224,251,133, 41, 17, 44, 13, 36, 21,107, 89, 93,150, 14,119, 12,  1, 94,  0, 90, 32, 55,105,189,146, 43,
  7, 79, 36, 89,101, 83,  4,122, 86, 46,110, 88, 49, 32, 48,  4, 52,233,179,243,  3,223,237,  0, 26, 96, 55,105, 29, 82, 43,
  7, 79, 36, 89,101, 83,  4,122, 86, 46,110, 88, 49, 32,128,196,203,150,179, 72,242,254,241, 64,230,159, 52, 93, 29, 82,171,
 56,177,219,198, 87,  8, 89, 19,169, 44,110, 88, 49, 32, 48,180,116,105, 12,199,204,  1, 94,  0, 26, 96, 55,105, 29, 82, 43,
  7, 79, 36, 89,101, 83,  4,122,214,145, 66,226, 73, 19, 48,  4, 52,105, 12,119, 12,  1, 94,  0, 26, 96, 55,105, 29, 82, 43,
  7, 79, 36, 89,101,243,196,135,169,145, 81, 91, 49, 96,240,240,  8, 38, 56,119, 12,129, 97, 49, 22, 35,  5, 50, 64, 59,212,
  5, 79, 36, 89,101, 83,164, 58, 86, 46, 46, 24, 49, 32, 48,  4, 52,105, 12,119, 12,  1, 94,  0, 26, 96, 55,105, 29, 82,171,
184, 41,183, 84,214, 83,  4,122, 86, 46,110, 88, 49, 32, 48,  4, 52,105, 12,119, 12,  1, 94,  0, 26, 96, 55,201,221, 82, 43,
199,112,218,166,250, 19,  4,122,214,154,110, 88,177, 31, 48,  4, 52,105, 87, 42,101,254, 92,  0, 26, 96, 55,105,189, 18, 43,
  7,239,228, 89,101, 83,  4,122, 86, 46,110, 88, 49, 32, 48,  4, 52,105, 12,119, 12,129,225,  0, 26, 88,131,105, 29, 82, 43,
  7, 79, 36, 89,101, 83,  4,122, 86, 46,110, 88, 49, 32, 48,  4, 52,105,188,183,  7,  1,158,191,228,159,152, 41,254,173, 56,
179, 79, 36,217,218,170,251,141,101,117, 51, 49,206, 37, 48,  4, 52,105, 12,199,204,254,161,175,218, 96, 55,105, 29, 82, 43,
  7, 79, 36, 89,101, 83,  4,122, 86, 46,110, 88,177, 31,104,190, 28,218, 12,119, 12,  1, 94,  0, 26, 96, 55,105, 29, 82, 43,
  7, 79, 36, 89,101, 83,  4,123, 86,110, 46,166,206,159,143,250,203,246, 76, 36, 89, 84,106,  0, 26,224,136,139,226,237, 31,
 92, 18, 77,166, 96, 83,  4,122, 87, 46, 46, 24,206,223,175,196, 52,105, 12,119, 12,  1, 94,  0, 26, 96, 55,105, 29, 82, 43,
  7, 79, 36,217, 90, 49,151, 55, 98, 46,110, 88, 49, 32, 48,  4, 52,105, 12,119, 12,  1, 94,  0, 26, 96, 55,105, 29, 82, 43,
167,143, 46, 89,165,236,250,133,201,110,162,148,125, 20, 48,  4,180,214,220,187, 64,178,  5, 93,115,159, 50,105, 29, 82, 43,
  7,239,228,166,154,204,196,122, 86, 46,110, 88, 49, 32, 48,  4, 52,105, 12,119, 12,  1, 94,  0, 26,224,  8,151,226, 13, 31,
  7, 79, 36, 89,101, 83,  4,122, 86, 46,110, 88, 49, 32, 48,  4, 52,105, 12,119, 12,  1,254, 64,226,159,136,214, 24, 82,107,
199,240, 20,213, 81, 83,  4,250,233, 24, 98, 27,131,123,109,109,203,108, 12,119, 12,  1, 94,160, 90, 98, 55, 41, 93, 82, 43,
  7, 79, 36, 89,101, 83,  4,122, 86, 46,110, 88, 49, 32, 48,  4,180, 86, 74,228,225, 50, 94,  0, 26, 96, 55,105, 29, 82, 43,
  7, 79, 36, 89,101, 83,  4,122, 86, 46,110, 88, 49,128,112,243,203,214,179,117, 12,161,158,105,131,121,  4,105, 29,210,148,
160,214, 45,108, 62, 14,109,133, 83, 46,110, 88, 49, 32,144, 68, 53,105,172, 55, 12,  1, 94,  0, 26, 96, 55,105, 29, 82, 43,
  7, 79, 36, 89,101, 83,  4,250,105,212,145,103,133, 32, 48,  4, 52,105, 12,119, 12,  1, 94,  0, 26, 96, 55,105, 29, 82, 43,
  7, 79, 36, 89,197, 19,255,133,233,145,144,167,174, 96,220,251,107, 92, 12,119,140,190,137,255,229, 83,108, 52,116,173, 46,
  7, 79, 36, 89,101,243, 68,133,169,177,174, 88, 49, 32, 48,  4, 52,105, 12,119, 12,  1, 94,  0, 26, 96, 55,105, 29,210, 20,
254,176, 57,108,101, 83,  4,122, 86, 46,110, 88, 49, 32, 48,  4, 52,105, 12,119, 12,  1, 94,  0, 26, 96,151,169, 27, 82,235,
184, 77, 36,249,165,199,157, 87,224, 46,110,216,142,183,169, 77,129, 50, 81, 30,243,  4, 94,  0, 26, 96, 55,201,221, 82, 43,
167, 15, 36, 89,101, 83,  4,122, 86, 46,110, 88, 49, 32, 48,  4, 52,105, 12,119,140, 62,173,255,213,213, 55,105, 29, 82, 43,
  7, 79, 36, 89,101, 83,  4,122, 86, 46,110, 88, 49, 32, 48,  5, 52,201,204,125, 12,193,225,253,229, 95,119,170, 45,142,158,
  7, 79,164,230,166, 99,  8,206, 13,115,  7,167, 52, 32, 48,  4, 53,105,172,183, 12,  1, 30,192, 26, 96, 55,105, 29, 82, 43,
  7, 79, 36, 89,101, 83,  4,122, 86, 46,110,216, 14,242, 84,175,129,105, 12,119, 12,  1, 94,  0, 26, 96, 55,105, 29, 82, 43,
  7, 79, 36, 89,101, 83,  4,122, 22,238,109, 88,241,159, 50,  4,148,169,171,221,166, 50, 94,  0,154,223, 39,105,221,231,112,
 90, 38,219, 92,101, 83,  4,122, 86,110,174, 88, 49,128,112,  4, 52,105, 12,119, 12,  1, 94,  0, 26, 96, 55,105, 29, 82, 43,
  7, 79,164,102,118,109,252, 73, 86, 46,110, 88, 49, 32, 48,  4, 52,105, 12,119, 12,  1, 94,  0, 26, 96, 55,105, 29, 82,155,
 71, 72, 36,153, 90, 83,  4,202,150, 42,110,226,  5, 32, 48,132, 11,104, 12, 91,184, 90,  3,105,229, 98, 55,105, 29, 82, 43,
183,143,219,166,202, 19,  4,122, 86, 46,110, 88, 49, 32, 48,  4, 52,105, 12,119, 12,  1, 94,  0,154,223, 88,184,154,102, 43,
  7, 79, 36, 89,101, 83,  4,122, 86, 46,110, 88, 49, 32, 48,  4, 52,105, 12,119, 12,177, 30,  7, 26,160,  8,105, 29,226,235,
137, 97,158,107,200,249,174,201, 86, 46,238,231,106,125, 89,251, 50,105, 12,119, 12,  1,238,192,229,159,136,214, 29, 82, 43,
  7, 79, 36, 89,101, 83,  4,122, 86, 46,110, 88, 49, 32, 48,132,139,105, 12,119, 12,145,112,186,168, 96, 55,105, 29, 82, 43,
  7, 79, 36, 89,101, 83,  4,122, 86, 46,111, 88,129, 96, 55,  4,244, 86, 14,119,188, 65,210, 46, 32,212, 55,105, 29, 82, 43,
  7,207, 27,  2, 56, 58,251,121, 86, 46,110, 89, 49,144,112,251,203,214,179,119, 12,  1, 94,  0, 26, 96, 55,105, 29, 82, 43,
  7, 79, 36, 89,101, 83,132, 69, 86, 46,110, 88,189, 14, 10, 48, 52,105, 12,119, 12,  1, 94,  0, 26, 96, 55,105, 29, 82, 43,
  7, 78, 36,233, 37, 84,  4,186,105, 44,110,232,113,200,207,183,  0,105, 12,247, 51,235,161,187, 46, 59,106,  0,226, 80, 43,
  7, 79, 37, 89,213,147,  0,122,230,238,110, 88, 49, 32, 48,  4, 52,105, 12,119, 12,  1, 94,  0, 26, 96, 55,105,157,237,175,
 41, 76, 17, 89,101, 83,  4,122, 86, 46,110, 88, 49, 32, 48,  4, 52,105, 12,119, 12,  1, 94,  0, 26,208,119,144,226,237,148,
  7, 79,148,153,101, 83,  4,122, 86, 46,110, 88, 49, 32,176,187,111, 52,101,136, 10,  1, 94,  0, 26, 96,135,169, 28, 82,235,
 56, 79, 36, 89,101, 83,  4,122, 86, 46,110, 88, 49, 32, 48,  4, 52,105, 12,247,179,  1, 94,  0, 26, 96, 55,105, 29, 82, 43,
  7, 79, 36, 89,101, 83,  4,122, 86, 46,110, 88, 49, 32, 48,  4,132, 41,245,136,179,190, 94,  0,170,160, 22,105, 61,225, 43,
  7,207,155, 80,101, 19,177, 33, 11, 71,145, 93, 49, 32, 48,  4, 52,217, 76,136,243,174, 30,  0, 26, 96, 55,105, 29, 82, 43,
  7, 79, 36, 89,101, 83,  4,122, 86, 46,238,103, 64,241, 53,176, 52,105, 12,119, 12,  1, 94,  0, 26, 96, 55,105, 29, 82, 43,
  7, 79, 36, 89,101, 83,  4,218, 22, 38,110,152, 14, 34, 48,164,244,105, 12,247,179,  1, 94,  0, 26, 96, 55,105, 29,  9,118,
110,176, 32, 89,101, 83,  4,122,246,238,110, 88,241,159, 48,  4, 52,105, 12,119, 12,  1, 94,  0, 26, 96, 55,105, 29, 82, 43,
  7, 79, 36, 89,101, 83,  4,122, 86,174, 81, 88, 49, 32, 48,  4, 52,105, 12,119, 12,  1, 94,  0, 26, 96, 55,105, 29,242,107,
 15, 79,228,102,103, 83,164,186,132,226, 34,107,185,168, 56,176, 52,105,140, 72, 87, 92, 55,255, 25, 96, 55,105, 29, 82,139,
 71, 79, 36,153,218, 83,  4,122, 86, 46,110, 88, 49, 32, 48,  4, 52,105, 12,119, 12,  1, 94,128, 37, 96, 55,105, 29, 86, 43,
  7,252, 36, 89,101, 83,  4,122, 86, 46,110, 88, 49, 32, 48,  4, 52,105, 12,119,172, 65, 85,  0,218, 95,202,150, 34, 18, 43,
  7,207,155, 89,101, 83,  4,122, 86, 46,110,  3,108, 73,207,  0, 52,105, 12,119, 12, 65, 30,  3, 26,160,136,105, 29, 82, 43,
  7, 79, 36, 89,101, 83,  4,122, 86, 46,110, 88, 49, 32, 48,  4, 52,105, 12,119, 12,  1,222, 63, 26, 96, 55,105, 29, 82, 43,
  7, 79, 36, 89,101, 83,  4,122, 86, 46,110, 24,113, 39, 48,196, 11,107, 12,215,204,  1, 94,  0, 26, 96, 55,105, 29, 82, 43,
135,112,127,  4, 12,172,  7,122, 86, 46,110, 88,113, 96,207,251,139,214, 12,119, 12,  1, 94,  0, 26, 96, 55,105, 29, 82, 43,
  7, 79, 36, 89,101,211, 59,122, 86, 46,110, 88, 49, 32, 48,  4, 52,105, 12,119, 12,  1, 94,  0, 26, 96, 55,105, 29, 82, 43,
  7, 79,132, 25,105, 83,196, 69,168,209,241, 24,151,138,218,172,147,195, 38, 67, 12,  1,222,191, 65, 61, 94,150, 27, 82, 43,
  7, 79, 36,249,165, 87,  4,186,233, 46,110, 88, 49, 32, 48,  4, 52,105, 12,119, 12,  1, 94,  0, 26, 96, 55,233,162, 82, 43,
  7, 79,130,243,143,123,  4,122, 86, 46,110, 88, 49, 32, 48,  4, 52,105, 12,119, 12,  1, 94,  0,186, 32, 59,105,221,109,213,
248,208,100, 89,101,211,187,122, 86, 46,110, 88, 49, 32, 48, 95,105,  0,243,115, 12,  1, 94,  0, 26,192,119,109, 29,146,148,
  7, 79, 36, 89,101, 83,  4,122, 86, 46,110, 88, 49, 32, 48,  4, 52,105, 12,119, 12,  1, 94,  0, 26, 96,183, 86, 29, 82, 43,
  7, 79, 36, 89,101, 83,  4,122, 86, 46,110, 88, 49, 32, 48,180,244,105, 12,183, 51,  3, 94,176,218, 96, 55,233,162,249,129,
173,124,182,119,223, 97, 95, 39, 63,209,106, 88, 49, 32, 48,  4,132,169,244,136,179,190, 94,  0, 26, 96, 55,105, 29, 82, 43,
  7, 79, 36, 89,101, 83,  4,236,120,148, 92, 88, 49, 32, 48,  4, 52,233, 51,119, 12,  1, 94,  0, 26, 96, 55,105, 29, 82, 43,
  7, 79, 36, 89,101, 83,180,186, 86, 46,174,103, 51, 32,128,196,164, 71, 54, 68,162,171,116,180, 26, 96,183,214, 70, 15, 66,
248, 73, 36, 89,101, 83,  4,202, 22,214,145,231,142, 32, 48,  4, 52,105, 12,119, 12,  1, 94,  0, 26, 96, 55,105, 29, 82, 43,
135,240, 36, 89,101, 83,148, 84,108,157,110, 88, 49, 32, 48,  4, 52,105, 12,119, 12,  1, 94,  0, 26, 96, 55,105,189,146, 42,
  7,143, 27, 91,101,243,196,122, 86, 46,110, 88, 49, 32, 48,  4, 52,233, 51, 44, 81,104,161,  3, 26, 96, 55,105, 29,242,235,
254,176,155,230,101, 83,  4,122, 86, 46,110, 88, 49, 32, 48,  4, 52,105, 12,119, 12,  1,222, 63, 26, 96, 55,105, 29, 82, 43,
  7, 79, 36, 89,101, 83,  4,122, 86, 46,110, 88, 49, 32, 48,  4, 52,105, 12,215,204,  0, 94,192, 37, 98, 55,201,221, 82, 43,
135,112,162,209,109,224,207,182, 26, 29, 53,  5, 88,223, 49,  4, 52,105, 12,119,172, 65,167,255,165,223, 55,105, 29, 82, 43,
  7, 79, 36, 89,101, 83,  4,122, 86, 46,110,173,206,223,  2,  4, 52,105, 12,119, 12,129,225,  0, 26, 96, 55,105, 29, 82, 43,
  7, 79, 36, 89,101, 83,  4,122, 87, 46,222, 24,198,223,143,187, 54,105,188, 55,250,254,197, 52, 26, 96,183,214,242,173,168,
 51, 20,121, 48,154, 86,  4,122, 86, 47,110,232,113, 36, 48,180,244,105, 12,119, 12,  1, 94,  0, 26, 96, 55,105, 29, 82, 43,
  7, 79, 36, 89,229,108,228,216,255, 26,110, 88, 49, 32, 48,  4, 52,105, 12,119, 12,  1, 94,  0, 26, 96, 55,105, 29, 82, 42,
  7,255,100,174,154,236,187,120, 86,158, 46,  4, 69,113,132,172,158,195,191,119, 12,129, 97, 91, 71,  9,200,106, 29, 82, 43,
  6, 79,148, 25,154,172,187, 69, 86, 46,110, 88, 49, 32, 48,  4, 52,105, 12,119, 12,  1, 94,  0, 26, 96,183, 86, 29, 82, 43,
  7, 19, 80,  8, 81, 83,  4,122, 86, 46,110, 88, 49, 32, 48,  4, 52,105, 12,119, 12,  0, 94,176,218,152,200,214,162, 82, 43,
183,143, 36, 89,229,236,170,208,124, 26,248,118, 11, 19,107, 89, 93,150,  8,119, 12,  1,161,255,181,160, 55,105,221,109, 43,
  7, 79, 36, 89,101, 83,  4,122, 86, 46,110, 88, 49, 32, 48,146, 26, 83, 63,119, 12,  1, 94,  0, 26,224,  8,105, 29, 82, 43,
  7, 79, 36, 89,101, 83,  4,122, 86, 46,110, 88, 48, 32,128,196,204,150,179,200, 12,  1,238,192, 25,224,166,220, 29, 82,171,
184, 75,164,198,208,  8, 89, 19,169, 43,110, 88, 49, 33, 48,180,244,150,243,216, 76,  1, 94,  0, 26, 96, 55,105, 29, 82, 43,
  7, 79, 36, 89,101, 83,  4,122,214, 17,218,176,179,149, 48,  4, 52,105, 12,119, 12,  1, 94,  0, 26, 96, 55,105, 29, 82, 43,
  7, 79, 36, 89,101, 19,196,123, 86,238, 81,166,206,191,112, 48,186,138,164,208,166, 43,106,  0, 26,224,136, 50, 64, 59,212,
  1, 79, 36, 89,101, 83, 68, 58,175,209,209,231, 49, 32, 48,  4, 52,105, 12,119, 12,  1, 94,  0, 26, 96, 55,105, 29, 82,171,
184, 79, 36, 89,101,145,117,166,126, 46,110, 88, 49, 32, 48,  4, 52,105, 12,119, 12,  1, 94,  0, 26, 96, 55,217,221,173,212,
184,112,218,166,202, 19, 88, 14,  7,154,198,242,155,147, 48,  4,180, 86, 87, 42,101,254, 93,  0, 26, 96, 55,105,173,146,220,
248,240,155, 89,101, 83,  4,122, 86, 46,110, 88, 49, 32, 48,  4, 52,105, 12,119, 12,129, 97,  0, 26, 96, 55, 53,105,  3, 31,
  7, 79, 36, 89,101, 83,  4,122, 86, 46,110, 88, 49, 32, 48,  4, 52,105,188,183,243,254,225, 63,228,159,152, 41, 29, 82,171,
184, 79, 36, 89,101, 83,  4,122, 86,117, 51, 49,206, 36, 48,  4, 52,105, 12,199, 76,246,161,191,165, 96, 55,105, 29, 82, 43,
  7, 79, 36, 89,101, 83,  4,122, 86, 46,110, 88, 49, 32, 48,  4, 52,105, 12,119,140, 62, 94,  0, 26, 96, 55,105, 29, 82, 43,
  7, 79, 36, 89,101, 83,  4,122, 86,142,174,165,206,159, 15,  7, 52, 41,204,119, 12,129, 97,226, 34,110,131,199,183,120,152,
 92, 18, 77,166,100, 83,  4,122, 86, 46, 46, 24,196,223,143,187, 52,105, 12,119, 12,  1, 94,  0, 26, 96, 55,105, 29, 82, 43,
  7,255,142,243,214, 83,  4,122, 86, 46,110,216,142, 32, 48,  4, 52,105, 12,119, 12,  1, 94,  0, 26, 96, 55,105, 29, 82, 43,
167,143, 36, 89,165,108,250,133,201,110,110, 88,177, 31, 48,  4, 52,105, 12,119, 12,  1,  5, 93,115,159, 54,105, 29, 82, 43,
  7,239,228,161,154,236,187,122, 86, 46,110, 88, 49, 32, 48,  4, 52,105, 12,119, 12,  1, 94,  0, 26, 96, 55,105, 29, 82, 43,
  7, 79,164,230,101, 83,  4,122, 86, 46,110, 88, 49, 32, 48,  4, 52,105, 12,119, 12,  1,254,192, 26, 96,247, 86,227,173,180,
 71,149,249,132,205,251,174, 80, 98, 46,110,216,142,123,109,109,203,111, 12,119, 12,  1, 94,160, 90,152,200,214,162, 82, 43,
  7, 79, 36, 89,101, 83,  4,122, 86, 46,110, 88, 49, 32, 48,  4,180,214, 12,119, 12,  1,249,170,176, 72, 55,105, 29, 82, 43,
  7, 79, 36, 89,101, 83,  4,122, 86, 46,110, 88, 49,144,240, 15, 52,169,179,137,243,174, 30,  0, 26,224,136,194,183,248, 24,
149, 97,158,107, 62, 14,109,133, 82, 46,110, 88,206,223,159, 68, 39,105,204, 72, 12,  1, 94,  0, 26, 96, 55,105, 29, 82, 43,
  7, 79, 36, 89,101,197, 42,192,100, 46,110, 88, 49, 32, 48,132, 11,105, 12,119, 12,  1, 94,  0, 26, 96, 55,105, 29, 82, 43,
  7, 79, 36, 89,213,147, 15,122,150,145,144,167,158, 96, 27,190, 92,221,170,221, 38,181, 94,  0,154, 95,108, 52,116,173, 40,
  7, 79, 36, 89,101,227,196,105, 86,238, 81, 88, 49, 32, 48,  4, 52,105, 12,119, 12,  1, 94,  0, 26, 96, 55,105, 29,210, 20,
  7, 79, 36, 89, 78,233,108, 78, 86, 46,110, 88, 49, 32, 48,  4, 52,105, 12,119, 12,  1, 94,  0, 27, 96,119, 41,227,173,148,
184,177,219,198, 37, 69,195,139,254,136,196,114,  5, 32, 48,132,139, 50, 81, 30,243,  7, 94,  0, 26, 97, 55, 41,221, 84, 43,
199,112, 36, 89,101, 83,  4,122, 86, 46,110, 88, 49, 32, 48,  4, 52,105, 12,119,140,190, 94,  0, 26, 96,  5,231,254,122, 43,
  7, 79, 36, 89,101, 83,  4,122, 86, 46,110, 88, 49, 32, 48,  4, 52,201,204,125, 12,193,225,254,229,255,119,144,226,173,131,
161,229, 14,109,101, 83,132,197, 13,115,  7,167, 55, 32, 48,  4, 52,105,172, 55, 30,  1,158, 63, 26, 96, 55,105, 29, 82, 43,
  7, 79, 36, 89,101, 83,  4,122, 86, 46,110,216,142, 32, 48,  4, 52,144,243,136, 36,  1, 94,  0, 26, 96, 55,105, 29, 82, 43,
  7, 79, 36, 89,101, 83,  4,122,246,238,100, 88,241,159,206,251,171, 41, 12,119,140, 62,219,136, 18,212,250,165, 81,225,112,
 90, 38,219, 88,101, 83,  4,133,169,177,174, 74, 49,224, 15,  4, 52,105, 12,119, 12,  1, 94,  0, 26, 96, 55,105, 29, 82, 43,
  4, 79, 36,237,101, 83,  4,122, 86, 46,238,231, 49, 32, 48,  4, 52,105, 12,119, 12,  1, 94,  0, 26, 96, 55,105, 29, 82,139,
 71,183,219,230,218, 86,  4, 58,150, 46,110,216,142, 32, 48,  4, 52,105, 12,119, 12, 90,  3,105,229,100, 55,105, 29, 80, 43,
 71,143, 36, 89,165,108,  4,122, 86, 46,110, 88, 49, 32, 48,  4, 52,105, 12,119, 12,  1, 94,  0, 26, 96, 55,105, 29, 82, 43,
  7,207, 27, 89,101, 83,  4,122, 86, 46,110, 88, 49, 32, 48,  4, 52,105, 12,119, 12,161, 30,247,229,223,136,107, 29,242,235,
  3, 79,164,106,206,249, 46,206, 86, 46,238,103,106,125, 89,251, 55,105, 12,119, 12,  1,254, 64,229,159,136, 86, 29, 82, 43,
  7, 79, 36, 89,101, 83,  4,122, 86, 46,110, 88, 49, 32, 48,132, 11,105, 12,119, 12,  5, 94,128,169, 96, 55,105, 29, 82, 43,
  7, 79, 36, 89,101, 83,  4,122, 86, 46,110, 88,145, 96,199,251,139,214, 14,119,172,193, 94,  0,154,223, 55,105, 29, 82, 43,
  7, 79, 36,  2, 56, 58,251,126, 86, 46,110, 89, 49,128,240,251,203,214, 51,119, 12,  1, 94,  0, 26, 96, 55,105, 29, 82, 43,
  7, 79, 36, 89,101, 83,  4,122, 86, 46,110, 88, 49, 32,176, 59, 52,105, 12,119, 12,  1, 94,  0, 26, 96, 55,105, 29, 82, 43,
  7, 79, 36,249, 37,168,251,197,233,208,145,199,113, 32, 48,132,139,105, 12,119, 12,  1, 94,  0, 26, 59,106,  0,226, 86, 43,
  7, 79,219,166,250, 19,  7,122,150, 17,110, 88, 49, 32, 48,  4, 52,105, 12,119, 12,  1, 94,  0, 26, 96, 55,105, 29, 82, 43,
  7, 79, 36, 89,101,211, 59,122, 86, 46,110, 88, 49, 32, 48,  4, 52,105, 12,119, 12,  1, 94,  0, 26,192,119,146,226,237,148,
249,176,187, 25,156,172,251,210,240,132, 68,108, 49, 32,176,187,111, 52,101,136, 10,  1, 94,  0, 26, 96,151,169, 30, 82,235,
 56, 79, 36, 89,101, 83,  4,122, 86, 46,110, 88, 49, 32, 48,  4, 52,105, 12,247,179,  1, 94,  0, 26,156,200,102, 52, 82, 43,
  7, 79, 36, 89,101, 83,  4,122, 86, 46,110, 88, 49, 32, 48,  4,148,169, 10,119,204,190, 92,  0,186,160, 55,105,157,109, 43,
  7, 79, 36, 89,101,211, 55, 33, 11, 71,145, 89, 49, 32, 48,  4, 52,201, 76,121, 12,193, 97,  0, 26, 96, 55,105, 29, 82, 43,
  7, 79, 36, 89,101, 83,  4,122, 86, 46,238,107, 49, 32, 48,  4, 52,105,140,200, 12,  1, 94,  0, 26, 96, 55,105, 29, 82, 43,
  7, 79, 36, 89,101, 83,  4,218,150, 40,110,152,142, 34, 48,164,244,105, 12,119, 12,  1, 94,  0, 26, 96, 55,233, 34,  9,118,
110,176, 39, 89,101, 83,  4,122,246,238, 96, 88,241, 31, 48,  4, 52,105, 12,119, 12,  1, 94,  0, 26, 96, 55,105, 29, 82, 43,
  7,207, 27, 89,101, 83,  4,122, 86, 46,110, 88, 49, 32, 48,  4, 52,105, 12,119, 12,  1, 94,  0, 26, 96, 55,104, 29,242,235,
 13, 79,228,230,152,172, 59, 58, 86, 46,238,103,211, 24, 62,176,  2,231,239,208, 87, 92, 55,255, 27, 96, 55,105, 29, 82,107,
199, 93, 36,153, 90, 83,  4,122, 86, 46,110, 88, 49, 32, 48,  4, 52,105, 12,119, 12,  7, 94,128,169, 96, 55,105, 29, 82, 43,
135,240, 36, 89,101, 83,  4,122, 86, 46,110, 88, 49, 32, 48,  4, 52,105, 12,119, 76,193, 93,  0,218,223, 53,105,189,146,132,
173,101, 23,110,235,176,183,122, 86,174, 81,  3,108, 73,207,  7, 52,105, 12,119, 12, 65,158, 11, 26,160,  8,105, 29, 82, 43,
  7, 79, 36, 89,101, 83,  4,122, 86, 46,110, 88, 49, 32,176, 59, 52,105, 12,119,188,171,244,178, 26, 96, 55,105, 29, 82, 43,
  7, 79, 36, 89,101, 83,  4,122, 86,190,110, 88, 49, 32, 48,  4, 52,104, 12,119, 12,  3, 94,  0, 26,120, 55,105, 29, 81, 43,
  7, 79, 32, 89,101, 83,  7,122, 86, 46,118, 88, 49, 32, 53,  4, 52,105, 23,119, 12,  1, 90,  0, 26, 96, 49,105, 29, 82, 47,
  7, 79, 36, 66,101, 83,  4, 98, 86, 46,110, 93, 49, 32, 48,  3, 52,105, 12,127, 12,  1, 94,  7, 26, 96, 55,108, 29, 82, 43,
 31, 79, 36, 89,103, 83,  4,122, 87, 46,110, 88, 56, 32, 48,  4, 45,105, 12,119, 16,  1, 94,  0, 16, 96, 55,105, 56, 82, 43,
  7, 86, 36, 89,101, 89,  4,122, 86, 53,110, 88, 49, 43, 48,  4, 52,101, 12,119, 12, 10, 94,  0, 26,123, 55,105, 29, 84, 43,
  7, 79, 41, 89,101, 83,  3,122, 86, 46, 98, 88, 49, 32, 55,  4, 52,105,  1,119, 12,  1, 86,  0, 26, 96, 57,105, 29, 82, 39,
  7, 79, 36, 82,101, 83,  4,118, 86, 46,110, 86, 49, 32, 48,  9, 52,105, 12, 94, 12,  1, 94, 26, 26, 96, 55, 68, 29, 82, 43,
  8, 79, 36, 89,117, 83,  4,122,126, 46,110, 88, 33, 32, 48,  4, 59,105, 12,119, 29,  1, 94,  0,  8, 96, 55,105,  0, 82, 43,
  7,103, 36, 89,101, 78,  4,122, 86, 60,110, 88, 49, 51, 48,  4, 52,125, 12,119, 12, 41, 94,  0, 26,112, 55,105, 29,122, 43,
  7, 79, 48, 89,101, 83, 22,122, 86, 46, 69, 88, 49, 32, 37,  4, 52,105, 26,119, 12,  1, 75,  0, 26, 96, 28,105, 29, 82, 60,
  7, 79, 36, 86,101, 83,  4,108, 86, 46,110, 73, 49, 32, 48, 18, 52,105, 12,120, 12,  1, 94, 43, 26, 96, 55,126, 29, 82, 43,
 26, 79, 36, 89,118, 83,  4,122, 75, 46,110, 88, 38, 32, 48,  4, 31,105, 12,119, 40,  1, 94,  0, 48, 96, 55,105, 47, 82, 43,
  7, 97, 36, 89,101,119,  4,122, 86, 28,110, 88, 49,  9, 48,  4, 52, 68, 12,119, 12, 50, 94,  0, 26, 64, 55,105, 29, 76, 43,
  7, 79, 29, 89,101, 83, 36,122, 86, 46, 87, 88, 49, 32,  7,  4, 52,105, 47,119, 12,  1,126,  0, 26, 96,  0,105, 29, 82,  8,
  7, 79, 36,110,101, 83,  4, 64, 86, 46,110, 71, 49, 32, 48, 37, 52,105, 12, 72, 12,  1, 94, 31, 26, 96, 55, 86, 29, 82, 43,
 63, 79, 36, 89, 68, 83,  4,122,112, 46,110, 88, 12, 32, 48,  4, 21,105, 12,119, 49,  1, 94,  0, 37, 96, 55,105, 49, 82, 43,
  7,109, 36, 89,101,104,  4,122, 86,  2,110, 88, 49, 27, 48,  4, 52, 93, 12,119, 12, 38, 94,  0, 26, 79, 55,105, 29,108, 43,
  7, 79,  3, 89,101, 83, 58,122, 86, 46, 82, 88, 49, 32, 31,  4, 52,105, 60,119, 12,  1,104,  0, 26, 96, 24,105, 29, 82, 29,
  7, 79, 36,103,101, 83,  4, 75, 86, 46,110,116, 49, 32, 48, 48, 52,105, 12, 70, 12,  1, 94, 52, 26, 96, 55, 92, 29, 82, 43,
